00000.png;1816;0;1920;84;1;0.66;l
00000.png;129;588;254;642;1;0.59;ilvi
00002.png;1812;0;1920;70;1;0.45;i
00002.png;67;569;479;681;1;0.44;i+rTl+iiIKrNiWv
00003.png;1282;395;1595;590;1;0.9;4s2+verInsp+Benavente192+Hadrld45D
00004.png;1458;429;1611;482;1;1.0;IL18B
00004.png;1343;431;1470;485;1;0.99;lonnT
00004.png;1331;475;1627;611;1;0.94;N5+hbavidEsW+dxinZdELimIi
00004.png;165;549;302;600;1;0.38;l
00005.png;1144;461;1254;513;1;1.0;5oom
00005.png;1243;464;1403;517;1;0.97;jLiHa
00005.png;1128;506;1413;641;1;0.92;N52s+AbavldesA+xinIodnun1l
00006.png;593;22;968;373;1;0.86;A52+Vernn+Benavente+MadrldI+W
00007.png;1275;358;1616;576;1;0.81;As2+verinp7+Benaventel87+Madrid4S4
00008.png;1317;459;1427;508;1;0.97;jrfBj
00008.png;1214;492;1434;614;1;0.9;ii+Trniris1+Vrbden
00009.png;1255;416;1532;593;1;0.97;l52+vnrhn2o+BenavnnteIeO+Madrid447I
00010.png;1194;467;1314;519;1;0.99;sO0m
00010.png;1175;512;1448;635;1;0.94;d+Albare11Lsz+CuEiIdioI
00010.png;1302;473;1440;528;1;0.92;ihI7B
00011.png;1170;427;1525;633;1;0.8;lunIuu+m0nterrei+vernnx+viIaza
00011.png;1200;369;1368;447;1;0.79;lO00m
00011.png;1354;388;1515;464;1;0.74;jmi68
00012.png;1082;409;1554;640;1;0.88;fnIIIdeHbM+A52I+If+i4utnvlHl+dasRnasBaixull
00012.png;1099;316;1561;468;1;0.82;1I+iiljIj+rEjRodlutndafdDah+RduIdeHbM
00013.png;728;170;1007;393;1;0.9;i5+BrnnvInhn+Madrid+W
00014.png;786;64;1148;352;1;0.64;IIOuTlbI16n+In1E32+VErinMI+omnbrjn
00015.png;618;188;890;412;1;0.96;A52+Banavente+Mndrid+iw
00016.png;846;169;971;219;1;0.88;5oOm
00016.png;836;214;1107;373;1;0.85;IN53+Mandlnt+Feces+deAbBIXo
00016.png;963;168;1095;217;1;0.8;IL1o
00017.png;578;175;847;404;1;0.85;Wj+ChavesOr
00017.png;861;279;1920;678;1;0.35;ijiiD+ijf
00018.png;1242;369;1434;447;1;0.88;l0OOm
00018.png;1418;382;1636;461;1;0.8;jm2B
00018.png;1215;441;1650;592;1;0.77;Ni035w+vVdeRaiaI
00018.png;1255;460;1406;511;1;0.35;Ni035
00019.png;697;54;1015;279;1;0.45;hB+A0oruna+Ounie+lSantiugo+w
00020.png;697;54;1015;279;1;0.45;hB+A0oruna+Ounie+lSantiugo+w
00021.png;1291;284;1496;363;1;0.85;l00Om
00021.png;1263;353;1740;574;1;0.82;Nv1+CnStr0verdem+COrUo
00021.png;1477;291;1723;372;1;0.79;ZF479
00022.png;1391;313;1543;387;1;0.78;500m
00022.png;1359;370;1750;577;1;0.77;jilIi+INVl+OastrOVerde1+C0r9o
00022.png;1527;328;1739;408;1;0.68;Im479
00023.png;704;46;1052;322;1;0.59;A6+ponierrada+Madridi+Ww
00024.png;1336;251;1773;435;1;0.87;V+Ii+A6i+Bpcnrrga21+Zn
00026.png;1243;320;1432;413;1;0.89;V4GB
00026.png;1073;365;1439;589;1;0.86;iHleB+jl+LIBu7alial+Jnbrdo
00027.png;555;88;868;319;1;0.85;A6+punrarrlda+N1HdrId+Ww
00028.png;1225;237;1432;345;1;0.85;1Ooom
00028.png;1173;304;1658;577;1;0.8;IJT46l+LU7T0I+HIi+HelradeRe1II+B8lHjr8i
00028.png;1191;251;1663;407;1;0.8;nINnmP+DrlI+1OoomJ046lI+ulL
00028.png;1294;357;1453;424;1;0.8;LU7T0
00029.png;1067;344;1477;591;1;0.88;JufqOI+NVi+I+B0corrue2+IC6relxBI
00029.png;1263;307;1470;393;1;0.86;jZflqOl+i
00030.png;1381;278;1549;341;1;0.99;m456I
00030.png;1266;273;1393;335;1;0.99;5Dun
00030.png;1245;326;1566;514;1;0.95;ilViI+BaIarruazX+ClriIIaI
00030.png;1809;344;1920;399;1;0.45;
00032.png;1250;253;1787;421;1;0.82;iu+NIV4sl+r+Becerrea
00032.png;1301;185;1498;281;1;0.74;IO0Om
00032.png;1466;207;1774;315;1;0.67;iI4sl
00032.png;1611;401;1721;504;1;0.61;W
00032.png;1380;402;1529;452;1;0.25;LIwFllI
00034.png;1354;330;1861;564;1;0.73;j+Wvi+AsmDg8isi+jf27
00034.png;1590;260;1845;381;1;0.66;m+wkh44
00034.png;1391;238;1614;358;1;0.57;5O0m
00035.png;1353;388;1695;598;1;0.8;jjr+jNvId3II+DnncDlI+Nocedaxl
00035.png;1387;340;1543;414;1;0.71;IinDOm
00035.png;1525;363;1687;440;1;0.66;jrd3II
00037.png;1250;362;1545;561;1;0.91;IA6+PVwiirriuiDa+BiniiiiiI11H+lladnlddi3a
00038.png;1278;368;1783;588;1;0.75;uK+WBWrBwtmKW+dOcebIeir0
00038.png;1313;280;1526;391;1;0.72;5Oom
00038.png;1506;303;1761;417;1;0.56;JW422
00039.png;747;146;1029;227;1;0.87;ldcRITA
00039.png;758;61;1029;208;1;0.8;TUNELDE+LnEs0RITA
00040.png;1307;363;1681;551;1;0.85;Lj54m+ma
00040.png;1311;212;1684;385;1;0.83;TUmELmE+LAESCWlTj
00040.png;1299;318;1692;411;1;0.8;IWbUW1TX
00041.png;630;45;948;335;1;0.92;A6+PonferradB+Benavente+Madrld+li
00042.png;1136;206;1299;292;1;0.81;S00m
00042.png;1086;256;1502;562;1;0.79;i1zW407+Nvi+VlIiafrBnca+deIBleIzoT+C0rLllon+cacabeIos
00042.png;1106;216;1509;351;1;0.73;S00mZm407
00043.png;687;51;971;330;1;0.93;A6+Ponferreda+Benavente+Madrld+i
00044.png;1266;151;1478;232;1;0.84;bOOm
00044.png;1216;204;1855;542;1;0.83;iLBUJ+Nj20+ToraidIiosNvadosm+0Barc0devaidooriai+0urenS0
00044.png;1449;160;1829;250;1;0.79;zm4O5
00046.png;1325;238;1496;311;1;0.97;l0c0m
00046.png;1484;241;1670;314;1;0.88;Zm3gB
00046.png;1305;301;1684;517;1;0.86;LE3p07+0BrracedeLDw+0arrBc8do+delMonasterio
00047.png;1361;329;1691;525;1;0.76;A8+ponferrada1o+MBdrId3g8
00047.png;1348;1012;1617;1065;1;0.29;i
00048.png;997;441;1249;587;1;0.91;iIIj4+camponirava7+cacabiios+i
00048.png;1001;411;1254;486;1;0.88;1BIi+sooL3i4
00049.png;433;29;889;395;1;0.71;A6+AstOr9a+MadrId+Nl2OLedn+WW
00049.png;517;219;676;282;1;0.4;Nl2O
00050.png;974;434;1109;497;1;0.87;izoom
00050.png;938;470;1268;723;1;0.85;Iiiir37a+rnvI+SanMIguei+dniaSDuenasj+Anmazcara+congosto
00050.png;951;439;1275;535;1;0.8;izoomIr37a
00050.png;410;0;764;68;1;0.42;
00050.png;0;0;492;107;1;0.43;i
00051.png;1168;556;1420;719;1;0.94;A6+AStorga4B+Madrid376
00052.png;638;38;862;123;1;0.87;5OO
00052.png;599;109;1132;361;1;0.82;m8+I+memb1hreN+i0r0mO
00052.png;847;43;1102;131;1;0.8;I372
00052.png;855;703;1241;792;1;0.47;nr+VIljii
00052.png;1197;687;1569;852;1;0.63;iilWrjulrlILiIl+ni+PlriIl+mifIM+II
00053.png;1104;444;1263;520;1;0.95;E00m
00053.png;1074;501;1430;705;1;0.92;uI+l+Folgoso+deiaRIberaw+AnbaresdelaRIbtrni
00053.png;1248;459;1419;536;1;0.88;jm36I
00054.png;1085;574;1334;684;1;0.89;Na+ToredIIuqrioi+IjIli
00055.png;1433;456;1650;617;1;0.92;Lm+hstgNa2i+Madr1d347
00055.png;1425;583;1646;706;1;0.9;N72o+M0n8B
00056.png;1445;492;1666;593;1;1.0;Zm33p
00056.png;1274;477;1461;576;1;0.99;5oOm
00056.png;1246;563;1683;737;1;0.93;Na+m+c0Wbarr0S
00057.png;752;295;879;355;1;0.95;Soom
00057.png;868;308;1016;370;1;0.9;iw3pg
00057.png;727;341;1023;502;1;0.89;ilb+ii+A5tOrgaI
00058.png;529;187;868;456;1;0.96;A8+AStorna+NliOLeon+mBdrid+i
00059.png;1132;380;1297;466;1;0.93;100Dm
00059.png;1093;437;1498;719;1;0.9;li3G8+LE8425+Astorgal+valdnsanLoIPn1o+NoralesoiiIIcudRro
00059.png;1279;400;1485;489;1;0.9;l3G8
00059.png;1202;481;1354;538;1;0.53;LE8425
00060.png;761;158;911;231;1;0.91;5DOm
00060.png;718;207;1140;448;1;0.84;iI32S+LE842S+AstOrgayj+vBfdosInLornnIul+Noi8sdIiirceuIino
00060.png;890;176;1130;261;1;0.84;Ir32S
00060.png;832;245;984;301;1;0.5;LE842S
00061.png;402;124;825;440;1;0.89;0hp7i+Ledn+0vledOI+WWI
00062.png;821;222;1020;419;1;0.99;LE3O+Le0n+W
00062.png;821;162;1018;229;1;0.91;MYll44
00062.png;812;209;1029;259;1;0.86;
00063.png;843;196;969;247;1;0.81;LE30
00063.png;1005;174;1326;446;1;0.78;NlpOLe0nm+jP88imi+mpomBnes+OViedO+M
00063.png;1012;121;1327;194;1;0.76;ZT1A
00064.png;589;132;981;459;1;0.8;LE30+Leon+N630N6Ol+ww
00065.png;478;152;893;455;1;0.82;LE3O+Le0n+N63ON6O1+ww
00065.png;906;273;1123;389;1;0.55;E+VilIacedreI
00066.png;788;53;1040;166;1;0.83;1OOOm
00066.png;739;57;1363;254;1;0.75;1OOOmJm4+Avdader
00066.png;725;117;1358;438;1;0.73;InZm4+AvdadeAntubiotiCOsp+B+N63OenaventeXl+MadridI
00066.png;785;245;970;322;1;0.38;N63O
00067.png;654;130;787;186;1;0.96;LE3O
00067.png;894;208;1342;486;1;0.78;1IL4+AvdadeAntlbjdtIcos+N63OBenaventey+Madrid
00067.png;942;160;1104;237;1;0.78;4OOm
00067.png;171;522;280;623;1;0.75;Rt
00067.png;1084;182;1331;271;1;0.67;Zm4
00067.png;933;333;1065;388;1;0.37;N63O
00067.png;559;275;700;331;1;0.37;N63O
00067.png;532;222;665;277;1;0.36;N6O1
00068.png;448;103;910;452;1;0.77;LE3Oj+mLe0n+N60jVailado1ld+N630Ov1edO+WL
00069.png;728;375;925;562;1;0.95;ohdnur+63o+ovlnIdo+vliiidblii+W
00069.png;916;434;1112;486;1;0.88;BenavInto+Buros
00070.png;911;225;1275;316;1;0.89;LEllBenaVente+BuruOS
00070.png;555;103;933;460;1;0.89;RondaSur+N63O+0vledo+6ol+VaI1Bdor1d+Wi
00070.png;1790;610;1903;686;1;0.63;
00070.png;274;82;987;756;1;0.25;lII+ILlI
00071.png;1247;229;1644;543;1;0.58;ij+jzj+LunO+hgUi1gif+zl+iIjiIjg+0vi0do
00072.png;642;59;996;338;1;0.36;liIIJiiAui+0VIouu+lLugo+Iw0drid+Fi+t
00074.png;1201;297;1397;376;1;0.86;10OO
00074.png;1182;366;1606;541;1;0.85;IN634+vilBlbam
00074.png;1377;304;1585;382;1;0.77;ZL583
00075.png;793;140;1168;287;1;0.33;N63z+VIiaIbY+a
00076.png;1166;324;1578;553;1;0.67;lI7OAq+i+Ribndeo7B+Ovledn2i2+scnSahasrian56B
00083.png;1440;318;1766;493;1;0.7;E7OAB+AbadIn5+0vled0191
00084.png;1367;93;1896;207;1;1.0;uOOmiWBI2
00084.png;1399;105;1594;178;1;1.0;uOOm
00084.png;921;421;1181;613;1;0.39;jlu+Kzl+YIm+ii
00084.png;45;565;1410;1054;1;0.41;tiIill1iLIVIi+rj+liHtXjj1lil1iliI7iJjrI9sTvjvi+zI1iIiTI+Ilv+IIlAlWLjji1IiIiIi+ii+iF+I
00085.png;1256;306;1365;368;1;0.9;ukm
00085.png;1236;331;1669;529;1;0.87;uKiiI+Nondonodo+Aslirl4Iioz+Foniiii0viiuour0X+1mbidi
00085.png;1346;279;1642;358;1;0.77;L53a
00086.png;1238;268;1427;343;1;0.96;l10o0m
00086.png;1414;278;1631;352;1;0.88;jm536
00086.png;1209;334;1646;541;1;0.87;lY+N634x+mOndDhedoI+LDUrenza
00086.png;1303;371;1452;425;1;0.32;N634
00087.png;886;165;998;217;1;0.96;k5o1
00087.png;990;175;1130;228;1;0.91;jLs1c
00087.png;861;204;1139;386;1;0.9;Iuii+wI+MondonIdn+Lourinij
00088.png;642;133;926;389;1;0.95;uLul+iihIdlo+0viodo+w
00089.png;1343;359;1652;509;1;0.94;r7uAa+BlHidooz8+Ovi0doi64
00090.png;1469;180;1655;241;1;0.99;j0oQn
00090.png;1639;185;1824;245;1;0.95;iLDr2I
00090.png;1684;328;1806;432;1;0.7;
00091.png;942;85;1095;137;1;0.89;WiiI
00091.png;843;109;1126;363;1;0.83;iodI1r+Isil+BIrrilroi+rNimy+For+sincIbrin+vviliQ
00093.png;766;228;1090;368;1;0.85;EiAP9+ACoruhavO0y+Pontevedre
00093.png;765;172;1092;232;1;0.84;IZmMI2
00094.png;1199;152;1400;326;1;0.86;Wo+0lOoruhB+Pontovndru+I
00094.png;1196;111;1393;167;1;0.81;lrzA
00094.png;812;212;1052;292;1;0.7;ndM0v1eao+Lugo
00095.png;1367;279;1602;358;1;0.85;1O0Ol+m
00095.png;1581;277;1835;358;1;0.78;mWIgt
00095.png;1339;345;1874;586;1;0.7;vu1IvI+SamMarcOSI+iliiiilllWil+Ili
00096.png;1411;235;1523;287;1;0.9;sO0m
00096.png;1515;226;1656;280;1;0.82;lIe1
00096.png;1399;272;1672;380;1;0.63;sanHarcosW+montodngozo
00097.png;759;97;1110;364;1;0.73;ViiBIbn+n54OvledO+LugO+miiiniIizii+IW
00098.png;1218;414;1367;482;1;0.84;S00m
00098.png;1200;480;1521;571;1;0.78;Sl0nIIaw
00098.png;1193;412;1531;527;1;0.75;S00mZmB8
00098.png;1356;424;1512;492;1;0.75;ZmB8
00099.png;1160;487;1353;552;1;0.82;u+oIiii+4cohn
00099.png;1266;389;1426;439;1;0.76;jmno
00100.png;910;106;1039;160;1;0.94;Soom
00100.png;1021;109;1233;163;1;0.9;JWB8
00100.png;889;147;1243;365;1;0.89;sozimaeroporto+11fIisiguoIroM+oEjjju+h0ouL
00100.png;904;271;1144;346;1;0.86;oEjjju+h0orunn
